L:False
W:12.0
P:112.60546286489098,146.545232596464
P:142.9300975535235,215.6168568604548
P:209.5545710482093,248.6117351064786
P:268.6366513170817,200.08985533291406
P:258.580127015997,112.7504717404978
P:191.32712075249339,103.69305418276576
