L:False
W:12.0
P:2.1387573383383085,397.41216641207694
P:398.74293446236436,2.120585856770578
